# Left Camera
camera_matrix_L =[
[703.450011, 0, 647.788349],
[0, 703.626116, 353.827153],
[0, 0, 1]]

dist_coeff_L = [-0.170735, 0.026153, 0.000810, -0.000514, 0.000000]

RL = [
[0.999982, 0.000481, 0.006001],
[-0.000471, 0.999999, -0.001531],
[-0.006001, 0.001528, 0.999981]]

PL = [
[676.943238, 0.000000, 648.575478, 0.000000],
[0.000000, 676.943238, 358.418819, 0.000000],
[0.000000, 0.000000, 1.000000, 0.000000]]

# Right Camera
camera_matrix_R = [
[705.680682, 0, 652.477770],
[0, 704.822725, 360.825493],
[0, 0, 1]]

dist_coeff_R = [-0.171433, 0.026730, 0.000742, -0.000105, 0.000000]

RR = [
[0.999994, -0.000133, 0.003443],
[0.000127, 0.999999, 0.001531],
[-0.003443, -0.001530, 0.999993]]

PR = [
[676.943238, 0.000000, 648.575478, -42.808641],
[0.000000, 676.943238, 358.418819, 0.000000],
[0.000000, 0.000000, 1.000000, 0.000000]]
